0.08520681235230179
0.08528448776390014
0.08586256936682081
0.08513913429419687
0.08459829484808597
0.08620463268434997
0.0850993250447047
0.08504459276007967
0.08483818750027805
0.08563332592428718
0.08506667443416241
0.08387609183255965
0.08482306091103278
0.08337536895362671
0.0853199989330067
0.08515385710999038
0.08482168771291564
0.08505093532347241
0.08491461449785326
0.08512063336989374
0.08441558787594491
0.08472914512601545
0.08516849582187977
0.08538894626826793
0.08450808059646239
0.0855045820137776
0.08413633441493931
0.08389568685946759
0.08508308914347902
0.08436797782376973
0.0847041667543281
